436 840 2 188
95 188
11 188
32 188
1 189
105 189
32 189
1 190
11 190
126 190
95 191
105 191
126 191
116 192
18 192
33 192
22 193
112 193
33 193
22 194
18 194
127 194
116 195
112 195
127 195
99 196
10 196
34 196
5 197
104 197
34 197
5 198
10 198
128 198
99 199
104 199
128 199
128 200
15 200
35 200
34 201
109 201
35 201
34 202
15 202
129 202
128 203
109 203
129 203
102 204
13 204
36 204
8 205
107 205
36 205
8 206
13 206
130 206
102 207
107 207
130 207
129 208
30 208
37 208
35 209
124 209
37 209
35 210
30 210
131 210
129 211
124 211
131 211
101 212
4 212
38 212
7 213
98 213
38 213
7 214
4 214
132 214
101 215
98 215
132 215
118 216
16 216
39 216
24 217
110 217
39 217
24 218
16 218
133 218
118 219
110 219
133 219
108 220
26 220
40 220
14 221
120 221
40 221
14 222
26 222
134 222
108 223
120 223
134 223
115 224
23 224
41 224
21 225
117 225
41 225
21 226
23 226
135 226
115 227
117 227
135 227
132 228
25 228
42 228
38 229
119 229
42 229
38 230
25 230
136 230
132 231
119 231
136 231
114 232
19 232
43 232
20 233
113 233
43 233
20 234
19 234
137 234
114 235
113 235
137 235
134 236
37 236
44 236
40 237
131 237
44 237
40 238
37 238
138 238
134 239
131 239
138 239
130 240
2 240
45 240
36 241
96 241
45 241
36 242
2 242
139 242
130 243
96 243
139 243
122 244
41 244
46 244
28 245
135 245
46 245
28 246
41 246
140 246
122 247
135 247
140 247
123 248
6 248
47 248
29 249
100 249
47 249
29 250
6 250
141 250
123 251
100 251
141 251
121 252
3 252
48 252
27 253
97 253
48 253
27 254
3 254
142 254
121 255
97 255
142 255
106 256
44 256
49 256
12 257
138 257
49 257
12 258
44 258
143 258
106 259
138 259
143 259
133 260
9 260
50 260
39 261
103 261
50 261
39 262
9 262
144 262
133 263
103 263
144 263
126 264
31 264
51 264
32 265
125 265
51 265
32 266
31 266
145 266
126 267
125 267
145 267
144 268
42 268
52 268
50 269
136 269
52 269
50 270
42 270
146 270
144 271
136 271
146 271
137 272
47 272
53 272
43 273
141 273
53 273
43 274
47 274
147 274
137 275
141 275
147 275
127 276
0 276
54 276
33 277
94 277
54 277
33 278
0 278
148 278
127 279
94 279
148 279
148 280
48 280
55 280
54 281
142 281
55 281
54 282
48 282
149 282
148 283
142 283
149 283
146 284
17 284
56 284
52 285
111 285
56 285
52 286
17 286
150 286
146 287
111 287
150 287
150 288
46 288
57 288
56 289
140 289
57 289
56 290
46 290
151 290
150 291
140 291
151 291
151 292
53 292
58 292
57 293
147 293
58 293
57 294
53 294
152 294
151 295
147 295
152 295
139 296
55 296
59 296
45 297
149 297
59 297
45 298
55 298
153 298
139 299
149 299
153 299
143 300
51 300
60 300
49 301
145 301
60 301
49 302
51 302
154 302
143 303
145 303
154 303
154 304
59 304
61 304
60 305
153 305
61 305
60 306
59 306
155 306
154 307
153 307
155 307
152 308
61 308
62 308
58 309
155 309
62 309
58 310
61 310
156 310
152 311
155 311
156 311
107 312
27 312
63 312
13 313
121 313
63 313
13 314
27 314
157 314
107 315
121 315
157 315
111 316
25 316
64 316
17 317
119 317
64 317
17 318
25 318
158 318
111 319
119 319
158 319
122 320
21 320
65 320
28 321
115 321
65 321
28 322
21 322
159 322
122 323
115 323
159 323
104 324
29 324
66 324
10 325
123 325
66 325
10 326
29 326
160 326
104 327
123 327
160 327
114 328
66 328
67 328
20 329
160 329
67 329
20 330
66 330
161 330
114 331
160 331
161 331
118 332
5 332
68 332
24 333
99 333
68 333
24 334
5 334
162 334
118 335
99 335
162 335
97 336
26 336
69 336
3 337
120 337
69 337
3 338
26 338
163 338
97 339
120 339
163 339
124 340
12 340
70 340
30 341
106 341
70 341
30 342
12 342
164 342
124 343
106 343
164 343
116 344
68 344
71 344
22 345
162 345
71 345
22 346
68 346
165 346
116 347
162 347
165 347
95 348
63 348
72 348
1 349
157 349
72 349
1 350
63 350
166 350
95 351
157 351
166 351
163 352
64 352
73 352
69 353
158 353
73 353
69 354
64 354
167 354
163 355
158 355
167 355
164 356
73 356
74 356
70 357
167 357
74 357
70 358
73 358
168 358
164 359
167 359
168 359
94 360
8 360
75 360
0 361
102 361
75 361
0 362
8 362
169 362
94 363
102 363
169 363
125 364
67 364
76 364
31 365
161 365
76 365
31 366
67 366
170 366
125 367
161 367
170 367
117 368
11 368
77 368
23 369
105 369
77 369
23 370
11 370
171 370
117 371
105 371
171 371
166 372
9 372
78 372
72 373
103 373
78 373
72 374
9 374
172 374
166 375
103 375
172 375
110 376
14 376
79 376
16 377
108 377
79 377
16 378
14 378
173 378
110 379
108 379
173 379
165 380
65 380
80 380
71 381
159 381
80 381
71 382
65 382
174 382
165 383
159 383
174 383
168 384
2 384
81 384
74 385
96 385
81 385
74 386
2 386
175 386
168 387
96 387
175 387
112 388
4 388
82 388
18 389
98 389
82 389
18 390
4 390
176 390
112 391
98 391
176 391
172 392
6 392
83 392
78 393
100 393
83 393
78 394
6 394
177 394
172 395
100 395
177 395
171 396
81 396
84 396
77 397
175 397
84 397
77 398
81 398
178 398
171 399
175 399
178 399
177 400
82 400
85 400
83 401
176 401
85 401
83 402
82 402
179 402
177 403
176 403
179 403
109 404
75 404
86 404
15 405
169 405
86 405
15 406
75 406
180 406
109 407
169 407
180 407
173 408
85 408
87 408
79 409
179 409
87 409
79 410
85 410
181 410
173 411
179 411
181 411
180 412
19 412
88 412
86 413
113 413
88 413
86 414
19 414
182 414
180 415
113 415
182 415
182 416
87 416
89 416
88 417
181 417
89 417
88 418
87 418
183 418
182 419
181 419
183 419
101 420
89 420
90 420
7 421
183 421
90 421
7 422
89 422
184 422
101 423
183 423
184 423
174 424
84 424
91 424
80 425
178 425
91 425
80 426
84 426
185 426
174 427
178 427
185 427
185 428
76 428
92 428
91 429
170 429
92 429
91 430
76 430
186 430
185 431
170 431
186 431
186 432
90 432
93 432
92 433
184 433
93 433
92 434
90 434
187 434
186 435
184 435
187 435
156 187
62 93
0 94
1 95
2 96
3 97
4 98
5 99
6 100
7 101
8 102
9 103
10 104
11 105
12 106
13 107
14 108
15 109
16 110
17 111
18 112
19 113
20 114
21 115
22 116
23 117
24 118
25 119
26 120
27 121
28 122
29 123
30 124
31 125
32 126
33 127
34 128
35 129
36 130
37 131
38 132
39 133
40 134
41 135
42 136
43 137
44 138
45 139
46 140
47 141
48 142
49 143
50 144
51 145
52 146
53 147
54 148
55 149
56 150
57 151
58 152
59 153
60 154
61 155
62 156
63 157
64 158
65 159
66 160
67 161
68 162
69 163
70 164
71 165
72 166
73 167
74 168
75 169
76 170
77 171
78 172
79 173
80 174
81 175
82 176
83 177
84 178
85 179
86 180
87 181
88 182
89 183
90 184
91 185
92 186
93 187
